                 GARMIN G950 IFDS – Increased MTOW (1230 kg)

                                                                                    Page SW5 - 10


8. TAKE-OFF RATE OF CLIMB AT VY
Power Setting: Maximum Continuous Power
Flaps: Take-Off
Landing Gear: Up

                               Climb                  Rate of Climb [ft/min]
                Pressure
  Weight                       Speed
                Altitude
                                 Vy               Temperature [°C]/[°F]
                                                                                      ISA
   [kg]            [ft]        [KIAS]     -25/-13    0/32     25/77    50/122
                   S.L.          86        1276      1088      920        768          985
                  2000           83        1133       948      783        634          873
                  4000           79        990        809      646        500          761
                  6000           76        848        670      510        366          649
   1230
                  8000           73        707        531      374        233          537
                 10000           70        565        393      239        100          425
                 12000           67        425        256      104        -32          313
                 14000           64        285        118      -30        -164         201
                   S.L.          85        1507      1302     1119        954         1190
                  2000           82        1351      1150      970        808         1068
                  4000           79        1196       998      822        662          946
                  6000           76        1041       847      674        517          825
   1080
                  8000           73        887        696      526        372          703
                 10000           69        734        546      379        228          581
                 12000           66        581        397      232         84          459
                 14000           63        428        248      86         -59          338
                   S.L.          85        1803      1575     1372        1189        1451
                  2000           82        1630      1406     1206        1026        1315
                  4000           79        1457      1238     1041        864         1180
                  6000           75        1286      1070      877        703         1045
    930
                  8000           72        1114       902      713        542          909
                 10000           69        944        735      549        382          774
                 12000           65        774        569      387        222          639
                 14000           62        604        404      224         63          503



                                                                                4th Edition, Rev. 2

                      Section 5 - Performances
                          TAKE-OFF RATE OF CLIMB AT VY
