                GARMIN G950 IFDS – Increased MTOW (1230 kg)

                                                                                     Page SW5 - 13



11. ENROUTE RATE OF CLIMB AT VX
Power Setting: Maximum Continuous Power
Flaps: Up
Landing Gear: Up

                               Climb                  Rate of Climb at Vx [ft/min]
                Pressure
  Weight                       Speed
                Altitude
                                 Vx                 Temperature [°C]/[°F]
                                                                                      ISA
   [kg]           [ft]         [KIAS]     -25/-13      0/32     25/77    50/122
                  S.L.           72         1241       1073      924       789        982
                  1000           72        1177        1011       863       729       932
                  2000           72        1114         949       802       669       882
                  3000           72        1050         887       741       609       832
   1230
                  4000           72         986         825       680       550       782
                  5000           72         923         763       619       490       732
                  6000           71         860         701       559       431       682
                  7000           71         797         639       498       371       632
                  S.L.           72        1480        1295      1130       981       1194
                  1000           72        1410        1226      1062       915       1139
                  2000           72        1340        1158       995       848       1084
                  3000           72        1269        1089       928       782       1029
   1080
                  4000           71        1199        1020       861       717       973
                  5000           71        1129         952       794       651       918
                  6000           71        1059         884       727       585       863
                  7000           71         990         815       660       520       808
                  S.L.           72        1787        1578      1391       1223      1463
                  1000           72        1707        1500      1315       1148      1401
                  2000           71        1628        1422      1239       1074      1339
                  3000           71        1549        1345      1163       999       1277
   930
                  4000           71        1470        1268      1087       925       1215
                  5000           71        1391        1190      1012       851       1153
                  6000           71        1312        1113       936       777       1090
                  7000           70        1233        1036       861       703       1028



                                                                               4th Edition, Rev. 2

                     Section 5 - Performances
                         ENROUTE RATE OF CLIMB AT VX
