                GARMIN G950 IFDS – Increased MTOW (1230 kg)

                                                                                      Page SW5 - 12



10. ENROUTE RATE OF CLIMB AT VY
Power Setting: Maximum Continuous Power
Flaps: Up
Landing Gear: Up

                               Climb                    Rate of Climb [ft/min]
                Pressure
  Weight                       Speed
                Altitude
                                 Vy                 Temperature [°C]/[°F]
                                                                                        ISA
   [kg]           [ft]         [KIAS]     -25/-13      0/32     25/77   50/122
                  S.L.           84        1317        1135      973        827        1036
                  2000           83        1179        1000      841        697         928
                  4000           81        1041         865      709        568         819
                  6000           80         904         731      577        439         711
   1230
                  8000           78         767         598      446        310         603
                 10000           77         631         464      316        182         495
                 12000           75         495         332      186         54         387
                 14000           73         360         199      56         -73         279
                  S.L.           83        1560        1360     1182        1022       1251
                  2000           82        1408        1212     1037        879        1132
                  4000           80        1257        1064      892        737        1014
                  6000           78        1106         917      748        595         895
   1080
                  8000           76         956         770      604        454         776
                 10000           74         807         624      461        314         658
                 12000           72         657         478      318        173         539
                 14000           70         509         333      175         34         420
                  S.L.           82        1873        1649     1449        1269       1527
                  2000           81        1703        1483     1286        1109       1393
                  4000           79        1533        1317     1124        950        1260
                  6000           77        1364        1151      962        791        1127
   930
                  8000           75        1196         987      800        632         994
                 10000           73        1028         823      639        474         861
                 12000           71         860         659      479        317         727
                 14000           69         693         496      319        160         594



                                                                                  4th Edition, Rev. 2

                     Section 5 - Performances
                         ENROUTE RATE OF CLIMB AT VY
