                 GARMIN G950 IFDS – Increased MTOW (1230 kg)

                                                                                   Page SW5 - 11



9. TAKE-OFF RATE OF CLIMB AT VX
Power Setting: Maximum Continuous Power
Flaps: Take-Off
Landing Gear: Up

                               Climb                Rate of Climb at Vx [ft/min]
                Pressure
  Weight                       Speed
                Altitude
                                 Vx               Temperature [°C]/[°F]
                                                                                     ISA
   [kg]            [ft]        [KIAS]     -25/-13    0/32     25/77     50/122
                   S.L.          78        1214      1037      880       738         941
                  1000           76        1147       972       816       675        888
                  2000           75        1080       906       751       612        836
                  3000           74        1013       841       687       549        783
   1230
                  4000           73        946        776       623       486        731
                  5000           72        879        710       560       424        678
                  6000           71        813        645       496       361        626
                  7000           70        746        580       432       299        574
                   S.L.          78        1283      1102       940       794       1002
                  1000           76        1214      1034       874       729        949
                  2000           75        1145       967       808       664        895
                  3000           74        1076       900       742       600        841
   1080
                  4000           73        1008       833       676       535        787
                  5000           72        939        766       611       471        733
                  6000           71        871        699       545       407        679
                  7000           70        803        632       480       342        625
                   S.L.          78        1435      1243      1072       918       1138
                  1000           76        1362      1172      1002       849       1081
                  2000           75        1289      1101       932       780       1024
                  3000           74        1216      1030       863       712        967
    930
                  4000           73        1144       958       793       644        910
                  5000           72        1071       888       724       576        853
                  6000           71        999        817       654       508        796
                  7000           69        927        746       585       440        739



                                                                             4th Edition, Rev. 2

                      Section 5 - Performances
                          TAKE-OFF RATE OF CLIMB AT VX
