                                                                                      Page 5 - 12



11. ENROUTE RATE OF CLIMB

    Power Setting: Maximum Continuous Power
    Flaps: Up
    Landing Gear: Up

                                Climb                Rate of Climb [ft/min]
                  Pressure
     Weight                     Speed
                  Altitude
                                  Vy             Temperature [°C]/[°F]
                                                                                    ISA
                    [ft]        [KIAS]   -25/-13    0/32    25/77   50/122
                    S.L.          84      1392       1205    1038     887          1102
                   2000          83       1249       1066     901     753           991
                   4000          81       1108       927      766     620           880
     1180 kg       6000          79        966       789      630     487           768
        -
     2601 lb       8000          77        826       651      495     355           657
                   10000         75        685       514      361     223           546
                   12000         73        545       377      227        92         434
                   14000         71        406       241      93         -39        323
                    S.L.         83       1560       1360    1182    1022          1251
                   2000          82       1408       1212    1037     879          1132
                   4000          80       1257       1064     892     737          1014
     1080 kg       6000          78       1106       917      748     595           895
        -
     2381 lb       8000          76        956       770      604     454           776
                   10000         74        807       624      461     314           658
                   12000         72        657       478      318     173           539
                   14000         70        509       333      175        34         420
                    S.L.         82       1873       1649    1449    1269          1527
                   2000          81       1703       1483    1286    1109          1393
                   4000          79       1533       1317    1124     950          1260
     930 kg        6000          77       1364       1151     962     791          1127
        -
     2050 lb       8000          75       1196       987      800     632           994
                   10000         73       1028       823      639     474           861
                   12000         71        860       659      479     317           727
                   14000         69        693       496      319     160           594




                                                                               4th Edition, Rev. 21
                     Section 5 - Performances
                             ENROUTE RATE OF CLIMB
