                                                                                   Page 5 - 13



12. ENROUTE RATE OF CLIMB AT VX

    Power Setting: Maximum Continuous Power
    Flaps: Up
    Landing Gear: Up

                               Climb              Rate of Climb at Vx [ft/min]
                  Pressure
     Weight                    Speed
                  Altitude
                                 Vx             Temperature [°C]/[°F]
                                                                                 ISA
                    [ft]       [KIAS]   -25/-13     0/32    25/77   50/122
                    S.L.         72      1315       1142      987     848        1047
                   1000          72      1249       1077      924     786        996
                   2000          72      1183       1013      861     724        944
     1180 kg       3000          72      1118        949      799     663        893
        -
     2601 lb       4000          72      1052        885      736     601        841
                   5000          71       987        821      673     540        790
                   6000          71       922        757      611     479        738
                   7000          71       856        694      548     417        687
                    S.L.         72      1480       1295     1130     981        1194
                   1000          72      1410       1226     1062     915        1139
                   2000          72      1340       1158      995     848        1084
     1080 kg       3000          72      1269       1089      928     782        1029
        -
     2381 lb       4000          71      1199       1020      861     717        973
                   5000          71      1129        952      794     651        918
                   6000          71      1059        884      727     585        863
                   7000          71       990        815      660     520        808
                    S.L.         72      1787       1578     1391     1223       1463
                   1000          72      1707       1500     1315     1148       1401
                   2000          71      1628       1422     1239     1074       1339
     930 kg        3000          71      1549       1345     1163     999        1277
        -
     2050 lb       4000          71      1470       1268     1087     925        1215
                   5000          71      1391       1190     1012     851        1153
                   6000          71      1312       1113      936     777        1090
                   7000          70      1233       1036      861     703        1028




                                                                          4th Edition, Rev. 21
                     Section 5 - Performances
                       ENROUTE RATE OF CLIMB AT VX
