                                                                                       Page 5 - 10



9.   TAKE-OFF RATE OF CLIMB

     Power Setting: Maximum Continuous Power
     Flaps: Take-Off
     Landing Gear: Up

                                 Climb               Rate of Climb [ft/min]
                   Pressure
      Weight                     Speed
                   Altitude
                                   Vy             Temperature [°C]/[°F]
                                                                                    ISA
                     [ft]        [KIAS]   -25/-13    0/32    25/77   50/122
                     S.L.          85      1347       1154    982     826           1048
                    2000           82      1200       1010    841     688            933
                    4000           79      1054       867     701     551            818
      1180 kg       6000           76       908       725     561     413            704
         -
      2601 lb       8000           73       763       583     422     277            589
                    10000          70       618       441     283     141            474
                    12000          67       473       300     145         5          359
                    14000          64       330       159      7      -130           244
                     S.L.          85      1507       1302    1119    954           1190
                    2000           82      1351       1150    970     808           1068
                    4000           79      1196       998     822     662            946
      1080 kg       6000           76      1041       847     674     517            825
         -
      2601 lb       8000           73       887       696     526     372            703
                    10000          69       734       546     379     228            581
                    12000          66       581       397     232         84         459
                    14000          63       428       248      86         -59        338
                     S.L.          85      1803       1575    1372    1189          1451
                    2000           82      1630       1406    1206    1026          1315
                    4000           79      1457       1238    1041    864           1180
      930 kg        6000           75      1286       1070    877     703           1045
         -
      2050 lb       8000           72      1114       902     713     542            909
                    10000          69       944       735     549     382            774
                    12000          65       774       569     387     222            639
                    14000          62       604       404     224         63         503




                                                                                4th Edition, Rev. 21
                      Section 5 - Performances
                              TAKE-OFF RATE OF CLIMB
